bt dtd
32
gioi_tinh 1 2
tuoi 1 2 3 4 5
tc_cong_viec 1 2 3 4
tdhv 1 2 3 4 5 6
mac_benh_ha 1 2
chua_ha1 1 2 3
chua_ha2 1 2 3
chua_ha3 1 2 3
bo_me_dtd 1 2
ace_dtd 1 2
ong_ba_noi_dtd 1 2
con_dtd 1 2
ts1 1 2
ts2 1 2
ts3 1 2
ts4 1 2
ts5 1 2
rlmm 1 2
can_nang_nhat 1 2 3 4 5 6
tuoi_can_nang_nhat 1 2 3 4 5
da_mang_thai 1 2 3
con_nang 1 2 3
con_nhe 1 2 3
dtdmt 1 2 3 4
chieu_cao 1 2 3 4
can_nang 1 2 3 4 5 6
BMI 1 2 3 4
BMI_nang_nhat 1 2 3 4
VE 1 2 3 4 5
VH 1 2 3 4
HATTh 1 2 3 4 5 6
HATTr 1 2 3 4 5
100
1 3 1 5 2 2 2 3 2 2 1 2 2 2 1 1 1 1 1 1 3 2 1 1 1 3 3 3 4 4 1 3 bt
1 1 3 5 2 2 1 3 2 2 2 2 1 1 1 2 1 2 6 5 3 2 2 2 2 6 1 2 1 4 1 5 dtd
1 2 3 5 2 3 2 1 2 1 1 2 2 1 2 1 2 2 4 2 1 1 2 4 3 6 4 2 1 4 3 4 dtd
2 1 4 1 2 3 1 2 1 2 2 1 2 2 2 1 1 2 3 1 2 3 2 2 3 5 4 3 3 1 3 1 bt
2 4 2 1 2 3 2 2 1 1 2 1 1 1 2 1 2 2 2 4 3 2 2 4 1 6 3 1 3 1 6 4 bt
1 5 1 1 2 1 3 1 1 1 2 2 2 2 2 1 1 1 1 5 3 1 1 3 1 1 2 4 4 3 1 2 dtd
2 2 2 2 2 2 2 1 2 2 2 2 1 1 1 2 1 2 1 4 1 2 3 1 4 2 1 4 3 2 4 3 bt
1 3 3 6 2 2 3 2 1 1 2 2 2 1 1 2 2 2 3 3 1 3 2 3 3 5 1 3 5 5 4 1 bt
2 5 2 4 1 1 1 3 2 2 1 1 1 1 2 2 2 1 3 2 2 2 1 2 3 2 4 4 5 4 2 1 bt
1 4 3 4 2 1 3 2 1 1 2 1 1 2 2 2 1 1 3 3 3 2 2 3 3 4 2 1 4 1 4 3 bt
2 3 2 5 2 2 3 2 1 1 1 2 2 2 1 1 1 2 1 5 3 2 3 4 1 1 3 3 2 1 2 2 bt
1 2 3 5 2 2 2 3 2 1 2 1 1 1 2 1 1 2 2 3 1 1 1 4 1 2 4 4 4 4 4 5 dtd
1 5 1 2 2 3 1 1 2 1 1 1 2 1 1 1 2 1 1 1 2 3 2 2 4 6 3 4 4 2 2 3 dtd
2 2 1 4 1 3 3 2 2 1 2 2 2 2 1 1 1 1 3 1 2 3 1 4 3 5 4 3 4 1 5 4 bt
1 5 3 5 1 2 3 1 1 1 2 2 1 2 1 2 1 1 2 3 3 1 3 2 1 5 1 4 4 5 2 1 dtd
2 1 2 2 2 1 1 1 1 1 2 2 2 1 2 2 2 2 3 5 2 1 2 3 2 6 3 3 3 2 3 1 dtd
2 1 1 3 2 1 1 1 2 1 2 2 1 2 1 2 2 1 6 5 2 3 1 4 3 3 3 3 1 2 2 5 dtd
2 4 4 3 1 3 1 2 2 1 2 2 2 2 1 1 1 2 6 2 2 1 3 1 3 4 2 3 1 1 1 2 dtd
1 4 1 3 1 3 3 1 2 2 2 2 1 2 1 2 1 2 5 3 3 3 2 2 1 5 1 1 2 4 2 3 dtd
1 3 3 4 2 2 2 3 2 2 2 1 2 2 1 1 1 1 4 2 1 1 2 4 4 3 3 3 5 5 4 1 bt
2 3 3 4 2 3 3 2 1 1 1 1 2 1 2 1 2 2 6 1 2 3 3 4 1 6 4 4 5 5 4 4 dtd
1 2 3 5 1 3 2 1 2 2 1 1 2 1 2 1 2 2 1 4 3 1 1 2 3 6 3 2 4 2 4 2 dtd
2 2 1 5 1 1 1 2 2 1 1 1 1 2 2 1 2 2 4 3 1 2 1 2 4 3 1 3 4 4 6 2 bt
2 4 3 5 2 3 3 3 2 1 1 1 2 1 1 1 2 2 1 1 2 3 3 1 1 1 2 1 5 4 1 4 bt
1 1 1 3 2 3 1 3 1 2 2 2 1 1 1 2 1 1 4 1 3 3 1 2 3 6 4 3 4 5 5 3 dtd
1 3 3 2 2 2 3 3 2 2 1 2 2 2 1 2 2 2 6 3 2 2 3 4 1 2 1 3 5 4 1 1 bt
2 3 2 1 2 1 2 1 1 2 1 1 2 1 1 1 2 1 3 3 3 2 1 2 2 1 4 3 5 4 4 4 bt
2 5 2 3 1 3 3 2 1 2 2 1 1 2 1 1 1 1 4 1 2 2 3 3 4 5 2 4 2 5 5 1 dtd
1 1 3 2 2 1 2 1 1 1 1 2 2 2 1 1 1 2 3 3 3 1 2 1 4 6 4 1 3 4 5 2 bt
2 4 1 4 1 2 3 3 1 2 2 2 2 2 1 1 1 1 4 1 3 3 1 1 1 5 1 2 4 4 3 4 bt
1 3 4 1 1 1 1 3 1 1 2 1 2 1 2 1 1 1 2 5 3 3 3 3 1 2 1 2 3 1 6 3 bt
2 3 3 6 2 3 3 1 1 1 1 2 2 2 1 2 2 2 5 1 3 2 2 4 4 1 4 2 1 2 3 5 dtd
2 2 4 6 1 1 3 1 2 2 2 1 2 2 2 2 1 2 3 2 1 2 2 1 2 6 1 4 1 5 6 2 dtd
2 3 3 3 1 3 1 1 1 2 2 2 2 2 1 2 2 1 4 1 1 3 2 4 2 5 1 3 1 4 6 4 bt
1 5 3 4 1 3 2 3 1 1 1 2 1 1 1 1 2 2 3 5 2 2 1 4 4 3 3 2 4 3 4 2 dtd
1 5 4 6 2 2 1 2 1 1 1 2 1 2 2 2 1 1 4 5 1 1 3 4 1 2 2 4 3 1 6 4 dtd
1 1 1 2 1 3 1 1 1 1 2 1 1 2 2 1 1 1 6 3 3 3 3 3 4 2 4 2 5 4 1 3 bt
1 1 1 3 2 1 1 1 2 2 2 2 1 2 2 2 1 1 1 1 1 2 3 2 1 2 1 3 1 1 4 5 dtd
1 5 1 1 1 3 1 2 1 2 2 2 2 2 1 1 2 2 6 1 3 3 2 3 3 3 2 4 5 4 4 1 dtd
1 4 2 3 1 2 3 3 2 2 1 2 1 2 1 1 2 2 3 2 1 1 1 4 3 5 3 3 2 4 1 5 bt
1 1 2 1 2 2 2 2 2 2 2 2 2 2 1 1 2 1 3 1 2 1 1 1 4 4 3 1 2 5 6 2 dtd
1 1 4 2 1 1 1 3 2 1 1 1 1 2 1 2 1 1 5 2 1 1 3 4 3 6 1 4 5 4 4 3 bt
1 5 1 1 1 1 2 3 1 2 1 2 1 1 2 1 1 2 6 2 3 2 3 3 1 2 2 3 2 2 1 4 dtd
2 4 4 1 1 2 3 1 2 2 2 2 2 2 1 2 1 2 5 2 3 1 2 1 3 2 1 1 1 5 5 3 dtd
1 5 1 4 2 2 3 2 1 1 2 2 2 1 1 2 1 2 3 5 2 1 2 2 3 5 1 1 2 2 2 5 bt
1 1 3 3 2 2 2 2 1 2 2 1 1 2 2 1 2 2 1 1 1 1 1 2 3 2 1 3 1 2 5 5 dtd
1 1 3 2 1 2 3 1 2 1 2 2 1 1 1 1 1 2 6 2 2 3 3 1 1 5 4 3 2 3 1 1 dtd
1 5 1 2 1 2 1 1 1 1 1 1 2 2 2 1 2 1 3 3 3 1 3 2 2 5 4 3 4 1 2 5 dtd
2 3 3 2 2 2 1 3 1 1 1 2 2 1 1 2 1 1 6 3 3 1 1 2 3 4 4 4 2 3 6 5 dtd
2 2 1 2 1 1 1 3 2 2 1 2 2 2 2 2 1 1 1 5 1 3 2 4 2 2 3 4 2 3 5 3 dtd
2 5 4 5 1 3 2 1 1 1 2 2 1 1 1 1 1 2 2 3 1 3 2 4 1 3 4 2 4 5 2 5 dtd
2 1 4 1 2 1 1 1 2 2 2 1 1 1 1 1 1 1 5 3 1 3 3 1 2 5 2 2 2 3 5 1 bt
2 3 1 4 2 3 2 2 2 2 1 2 2 1 2 1 1 2 5 2 3 3 2 2 2 4 2 3 3 3 6 1 dtd
1 1 1 2 1 3 2 1 2 2 2 1 2 1 1 2 1 2 4 2 1 1 3 3 1 1 3 4 4 2 3 1 bt
1 3 2 2 2 1 1 2 2 1 1 2 1 2 1 2 1 2 1 2 1 1 3 4 2 3 3 2 4 1 5 5 dtd
2 5 2 5 2 2 3 3 1 2 1 1 2 2 1 2 1 1 5 3 1 1 2 1 2 2 3 3 4 4 1 5 dtd
1 2 1 3 1 3 1 1 2 2 2 1 2 1 2 1 2 2 1 4 2 2 3 3 2 1 3 3 2 3 5 1 dtd
2 4 2 5 2 3 1 2 1 1 1 1 2 1 2 2 2 2 5 3 1 1 1 3 4 3 1 4 4 2 3 2 bt
2 2 3 4 1 3 2 2 1 2 2 1 2 1 1 2 2 2 6 3 3 3 2 3 3 1 4 1 3 4 5 5 bt
1 2 3 3 1 3 2 2 2 1 2 1 1 2 1 1 1 1 3 2 2 1 1 3 4 6 2 2 2 5 5 4 dtd
2 4 4 5 1 1 2 3 2 1 2 1 2 2 2 1 1 1 3 4 1 2 1 4 3 1 1 3 5 4 5 4 dtd
2 4 4 1 2 3 2 3 2 1 2 2 1 1 2 2 2 2 3 5 2 3 1 4 3 6 4 2 1 2 2 5 bt
1 2 4 3 1 3 3 2 1 2 2 2 2 2 1 2 2 2 2 3 2 3 2 3 2 1 1 1 3 1 4 2 bt
2 4 4 1 1 2 3 3 1 1 1 2 1 1 1 2 1 2 5 4 2 1 1 4 2 4 3 4 5 5 3 4 dtd
2 2 3 2 1 1 3 3 1 1 1 1 2 2 1 1 1 2 4 2 3 3 2 2 4 4 3 2 5 5 5 1 dtd
2 5 3 3 1 2 1 3 1 2 2 1 1 1 2 2 2 1 5 3 3 3 2 1 2 2 4 2 2 2 6 2 bt
1 2 4 2 2 3 1 2 1 1 1 2 2 1 1 2 2 2 4 2 1 1 3 1 2 2 1 3 2 4 4 5 bt
2 4 3 1 1 1 3 3 2 1 1 1 2 1 2 1 2 2 5 4 2 1 3 3 1 2 2 1 5 3 5 4 bt
2 5 2 6 2 2 1 1 2 2 2 1 1 1 1 1 2 2 4 5 2 3 1 1 1 3 2 1 5 4 6 3 dtd
2 1 4 2 2 1 3 1 1 2 1 2 2 2 1 1 2 2 6 5 2 1 1 3 4 4 3 3 2 4 3 1 bt
2 1 2 3 1 1 1 1 2 1 1 2 1 2 1 2 2 2 4 1 2 3 3 3 4 5 4 4 1 4 4 5 bt
2 4 3 3 2 3 2 1 2 2 2 2 2 1 2 1 2 1 1 4 3 2 2 4 4 4 3 3 1 5 6 2 bt
1 5 4 1 1 3 2 3 1 1 1 1 1 1 1 2 2 1 3 1 3 2 1 4 3 4 4 3 2 2 2 4 bt
2 4 2 4 1 2 2 3 2 1 1 1 1 1 2 2 2 1 3 5 2 1 3 2 4 6 1 1 3 1 3 5 dtd
1 5 4 5 2 3 2 1 1 2 2 1 1 2 1 1 2 2 6 5 3 2 3 3 2 6 2 4 4 3 1 1 bt
1 3 1 1 1 2 1 3 2 1 1 1 1 2 1 2 1 2 5 2 2 2 3 4 4 4 3 1 4 4 5 3 bt
1 2 4 5 2 3 3 1 1 1 2 1 1 2 1 1 2 2 6 1 2 1 2 1 2 5 4 4 4 3 3 1 bt
1 1 1 4 1 3 2 3 2 1 2 1 1 1 1 1 1 1 2 3 3 2 2 4 3 1 4 3 1 1 4 3 bt
1 4 4 3 1 2 3 1 2 2 2 1 2 1 1 2 2 2 6 3 2 2 3 2 1 4 1 4 5 2 6 3 dtd
2 1 3 3 1 2 2 1 2 1 1 2 2 1 1 2 2 1 5 1 1 1 2 1 1 4 2 2 5 1 3 4 dtd
1 2 1 3 1 1 2 2 2 1 1 1 2 1 1 1 1 2 6 4 2 3 1 2 1 3 2 2 1 3 2 1 dtd
2 5 4 4 2 3 3 2 2 2 2 2 2 2 1 1 2 1 2 1 2 1 2 1 2 3 1 4 1 4 5 2 dtd
2 4 2 1 1 1 2 2 2 1 2 1 1 2 2 2 2 1 4 3 3 1 2 3 3 6 1 2 1 1 3 1 dtd
2 1 4 5 2 2 2 2 1 2 1 1 2 1 2 1 2 1 1 3 3 2 2 1 2 5 4 2 2 1 6 4 dtd
1 2 1 6 2 2 3 1 2 2 2 1 2 2 2 1 2 2 3 4 3 2 1 1 2 4 4 2 3 4 1 3 dtd
2 5 1 5 2 1 1 1 2 2 2 1 2 2 1 1 2 2 3 3 3 1 3 2 4 5 4 1 4 4 4 3 bt
1 4 3 5 1 2 3 2 2 2 1 2 2 2 2 2 2 2 1 4 2 3 1 3 3 3 4 3 2 2 4 4 dtd
1 2 3 1 1 2 1 2 1 2 2 1 1 2 2 1 1 1 2 1 1 2 1 4 4 3 3 1 5 1 4 5 bt
2 3 3 2 1 3 1 2 1 1 1 2 1 2 2 1 2 1 5 2 1 3 1 4 1 4 4 2 2 1 1 1 dtd
2 5 1 6 1 3 1 3 2 1 1 1 2 2 2 1 2 2 3 2 2 2 1 3 4 2 4 3 5 3 2 5 dtd
2 4 1 4 2 2 2 3 2 2 1 2 2 1 1 2 1 1 2 2 1 3 3 3 2 3 4 1 4 5 5 2 dtd
2 5 1 3 1 1 1 2 2 2 2 1 2 1 2 1 2 2 4 2 1 2 2 3 3 4 2 2 1 1 2 1 dtd
2 4 3 4 2 1 3 2 2 1 1 2 2 2 1 2 1 2 2 3 2 2 3 2 2 3 1 3 2 4 5 3 bt
1 5 4 1 2 3 3 1 1 1 1 2 1 1 2 2 1 1 3 5 1 2 1 2 3 2 3 1 3 3 1 5 bt
1 2 4 3 1 2 2 3 1 2 1 2 1 1 1 1 1 1 4 2 3 2 1 4 2 2 1 4 5 4 5 3 bt
2 4 1 5 1 2 3 3 2 2 1 2 2 1 1 1 2 2 3 1 1 2 1 1 1 3 1 1 5 2 5 1 bt
1 5 4 1 2 3 1 1 2 2 1 1 2 2 1 2 2 1 2 5 1 2 3 4 4 2 3 3 2 4 6 5 bt
2 4 1 4 2 2 3 2 1 1 2 2 1 2 1 1 2 1 2 3 3 3 1 2 2 6 1 4 2 5 4 5 dtd
1 4 1 3 2 1 3 1 1 1 1 2 2 2 1 2 2 1 6 1 1 1 3 2 4 4 3 3 4 3 2 5 bt
1 5 1 3 1 2 2 2 2 2 2 2 2 2 1 1 2 2 5 4 2 2 1 3 4 2 4 4 2 3 5 5 bt