30
2 1 1 1 1 1 3 2 2 2 1 1 2 2 2 2 1 2 3 2 3 3 1 4 2 4 2 1 4 1 6 4 bt
1 2 3 1 2 1 3 3 2 2 1 1 2 2 1 2 2 1 6 4 1 2 1 2 3 5 3 1 4 2 1 1 dtd
2 3 1 5 2 1 1 3 1 2 2 2 1 1 2 1 1 2 5 3 2 1 2 4 2 4 3 3 2 2 3 1 bt
1 1 2 1 2 1 1 1 2 2 2 2 2 2 1 2 2 1 1 1 3 2 3 4 2 6 4 1 4 1 4 1 dtd
1 5 1 6 1 1 2 2 1 2 1 1 1 2 2 2 2 2 3 4 2 1 1 4 3 3 1 4 2 3 3 3 dtd
1 2 1 4 2 2 1 2 1 1 2 1 1 1 2 1 1 1 3 1 3 2 3 4 4 2 2 2 1 4 5 2 bt
1 3 4 5 1 1 1 2 2 1 1 2 1 1 1 2 2 2 5 5 2 3 2 2 1 5 3 1 3 2 2 1 bt
2 4 4 1 2 2 2 1 2 1 2 1 2 2 1 1 1 1 5 4 2 3 2 4 2 5 4 2 1 3 5 2 dtd
1 2 4 1 1 3 1 1 2 2 1 2 2 1 1 1 2 2 4 1 1 3 2 1 3 4 2 3 2 5 5 4 bt
1 5 1 6 2 2 3 1 2 1 1 1 1 1 1 1 2 2 6 3 2 2 2 3 1 4 4 3 2 2 1 5 bt
1 5 2 3 2 3 3 3 2 2 1 1 1 1 1 1 1 1 5 3 1 1 3 3 4 1 4 1 3 3 6 5 bt
2 1 4 1 2 1 3 2 2 2 2 2 1 2 2 1 1 1 5 5 3 1 1 4 1 1 3 1 1 3 2 4 bt
1 3 2 6 2 3 1 1 1 1 2 2 1 1 2 2 1 2 5 3 2 2 3 3 2 3 4 4 3 5 5 4 bt
1 2 1 2 1 2 1 3 2 1 1 1 2 1 2 2 2 1 2 5 2 3 1 2 3 3 1 2 2 1 6 5 dtd
2 5 1 2 1 3 1 2 1 1 2 2 1 1 1 1 1 2 5 2 1 3 2 2 2 5 2 4 5 2 2 1 bt
1 2 4 3 2 1 1 2 2 1 1 1 1 2 2 1 2 1 2 1 1 3 1 3 2 4 4 3 5 4 4 1 dtd
2 2 3 1 2 2 3 3 2 2 1 2 2 1 2 1 1 2 4 4 2 2 1 4 3 6 1 1 4 1 3 2 bt
1 3 2 1 1 3 1 1 2 2 1 1 1 2 2 2 2 1 5 1 1 2 3 2 4 1 4 4 2 5 5 3 bt
1 1 3 1 1 2 2 2 2 2 2 2 1 2 2 2 2 1 6 4 2 1 2 1 1 4 4 3 3 1 2 2 bt
1 2 4 6 1 2 3 1 1 1 2 1 1 2 1 2 2 1 1 3 2 3 1 4 1 2 4 3 5 1 1 3 dtd
2 2 4 4 2 3 1 3 1 2 1 1 1 1 1 2 1 1 4 1 2 2 2 2 3 2 2 4 1 2 2 1 dtd
2 3 1 5 1 2 3 2 2 1 1 1 1 1 2 2 1 2 4 1 2 2 1 4 3 1 3 3 4 5 2 4 bt
2 4 2 5 1 1 2 1 1 1 2 1 2 2 1 1 2 2 1 2 3 1 2 3 4 2 3 4 5 3 5 3 dtd
1 5 4 2 1 1 2 3 1 1 2 1 1 2 2 1 2 2 5 2 1 2 1 1 4 2 3 4 2 5 5 5 dtd
2 3 2 1 1 2 3 1 1 1 1 1 2 2 1 1 2 2 4 2 2 1 1 4 4 1 3 3 1 4 5 5 bt
2 5 3 1 2 3 1 2 1 2 2 1 2 2 2 1 1 2 3 3 1 3 3 1 3 4 4 1 1 2 4 2 bt
2 5 4 6 2 2 2 1 2 2 2 2 1 2 1 2 2 1 1 4 2 3 3 4 4 4 2 2 1 4 1 5 bt
2 5 2 6 1 1 1 3 1 2 2 1 1 2 2 2 2 2 6 3 1 1 3 4 1 3 1 3 5 5 2 5 dtd
2 2 2 4 2 2 1 2 2 2 2 2 2 1 2 1 1 2 4 3 1 2 1 3 3 4 2 3 3 3 4 5 dtd
1 4 4 2 2 1 1 2 1 2 2 2 2 1 1 1 1 1 6 1 2 2 2 2 4 4 4 1 3 4 1 1 dtd
1 4 1 2 2 2 3 3 2 1 2 2 2 1 1 1 2 1 2 5 3 1 1 1 3 6 3 2 2 4 5 5 bt
2 4 1 3 2 2 3 2 2 2 2 1 2 1 2 2 1 2 3 2 2 2 2 1 4 4 3 1 1 4 4 1 bt
1 2 4 6 2 1 1 3 2 1 1 1 1 2 2 2 2 2 5 4 3 3 3 1 3 1 4 4 3 2 2 3 dtd
2 1 2 5 2 3 3 1 1 1 1 1 2 2 1 1 2 2 4 4 1 1 3 4 4 6 1 4 4 1 6 5 dtd
2 4 3 5 2 1 2 3 1 1 2 2 2 1 2 2 2 2 4 2 1 2 3 2 2 6 4 2 2 2 2 5 bt
1 4 1 1 1 1 3 1 1 1 2 1 2 2 1 1 2 2 2 2 1 2 1 1 1 5 3 4 3 1 6 4 dtd
1 4 3 3 2 3 1 1 1 2 1 2 2 1 2 2 2 1 2 4 1 1 1 3 4 4 4 3 2 5 3 1 bt
1 4 1 1 1 2 1 1 2 1 2 1 1 1 2 2 1 1 6 4 3 3 3 1 1 3 4 3 2 3 2 1 dtd
2 5 1 6 2 3 2 3 2 1 1 1 2 1 1 2 1 2 2 1 1 3 1 4 3 2 2 4 1 4 5 1 dtd
2 4 1 3 2 3 1 3 1 2 1 1 1 2 2 1 1 2 1 5 2 2 2 2 3 1 3 1 5 5 1 5 dtd
2 3 3 3 2 1 1 3 2 1 2 1 2 2 2 1 1 2 2 1 2 1 3 2 4 3 3 1 2 3 6 2 dtd
2 5 1 6 1 1 2 2 1 2 2 2 2 2 1 1 2 2 6 4 2 1 3 3 2 5 1 2 4 1 5 4 dtd
1 3 2 1 1 3 3 2 2 2 2 2 1 2 2 1 1 2 4 5 3 2 2 3 3 1 3 4 3 3 4 2 bt
2 4 2 2 1 3 3 3 2 2 1 2 1 1 1 2 2 1 3 4 2 2 3 4 3 4 4 4 4 5 4 5 bt
2 3 1 1 2 3 3 1 1 2 2 2 2 1 2 1 1 2 6 3 3 1 2 2 1 4 2 2 4 4 2 4 dtd
1 5 4 3 2 2 1 3 2 2 1 2 1 1 2 2 2 1 6 1 1 3 2 4 4 1 4 4 2 5 6 3 bt
2 2 3 5 2 1 1 1 2 1 1 2 1 1 1 1 2 1 3 4 3 1 3 4 1 2 1 4 5 2 4 3 dtd
1 1 1 4 2 3 2 1 2 2 2 1 2 2 2 1 2 2 2 1 3 2 3 4 4 5 4 2 3 1 4 1 bt
2 2 1 1 2 2 3 3 1 2 1 2 2 1 1 2 2 1 3 1 1 1 1 4 1 3 4 3 5 1 1 3 bt
2 1 2 1 2 1 1 2 1 2 2 1 2 2 2 1 1 1 5 2 3 2 3 1 3 1 4 4 3 1 1 2 bt
2 5 1 6 2 3 2 3 2 2 2 1 2 2 2 1 2 1 2 5 3 3 1 1 3 3 1 2 3 3 4 3 bt
1 4 2 4 2 3 1 3 2 1 1 1 1 2 1 1 2 1 5 2 1 1 2 1 3 3 4 4 3 2 4 2 bt
2 5 2 1 1 2 3 1 2 1 1 2 1 1 1 2 2 1 6 2 3 3 1 4 4 5 3 2 4 3 6 5 dtd
1 1 3 6 1 2 2 1 1 2 1 2 1 1 1 1 1 1 5 2 2 3 2 4 1 3 4 4 5 2 4 3 bt
1 4 3 2 1 1 1 1 1 1 1 1 2 1 2 1 2 2 1 3 1 3 2 3 4 4 3 3 4 2 2 3 bt
2 2 4 4 1 3 3 1 2 1 1 2 1 2 1 2 1 1 1 5 1 3 1 2 1 2 3 3 4 2 1 1 bt
2 5 2 3 1 2 1 2 1 1 2 1 2 1 2 2 2 2 6 5 2 1 2 1 4 3 3 4 1 3 1 3 dtd
2 3 4 2 2 3 1 3 1 1 2 1 1 1 1 2 1 2 6 1 3 3 2 1 3 5 1 4 5 4 4 1 dtd
2 4 2 1 1 2 1 2 2 1 2 1 1 1 2 2 2 1 5 1 3 2 3 2 2 3 3 2 3 4 2 5 dtd
2 3 1 4 1 2 2 2 2 2 1 1 1 1 2 2 1 2 1 2 1 3 3 1 3 2 4 1 5 4 4 1 dtd
2 1 2 1 1 2 1 1 1 2 1 1 2 2 1 1 2 2 3 2 1 1 3 2 3 5 3 2 3 2 6 5 dtd
1 3 3 4 2 2 1 2 2 2 1 1 1 2 1 2 1 1 4 4 2 1 2 1 2 2 1 1 5 1 2 3 bt
1 2 4 1 2 1 2 2 2 1 2 1 2 2 2 1 1 2 3 4 2 1 3 1 4 4 2 1 3 3 3 4 dtd
1 2 4 1 2 1 3 1 2 2 2 1 1 2 2 1 1 1 2 4 3 3 2 4 1 3 2 1 5 5 5 1 bt
2 5 1 1 2 3 2 2 2 2 2 1 1 2 2 1 2 2 2 4 3 3 2 3 4 6 4 3 2 4 4 5 bt
2 2 1 4 2 3 1 1 1 2 1 2 1 2 1 1 1 2 5 1 3 3 2 1 1 1 3 1 2 4 3 5 bt
1 2 3 3 2 1 3 1 1 2 2 2 2 2 1 2 1 1 1 3 3 2 3 3 4 5 3 1 4 5 5 1 dtd
2 2 3 5 2 1 2 1 2 1 1 1 2 2 2 2 1 2 2 2 2 3 2 4 1 6 1 1 1 1 6 1 bt
2 1 2 1 1 2 1 2 1 2 1 1 1 1 1 1 2 1 1 2 3 2 3 1 4 5 3 2 5 2 4 4 dtd
1 4 2 1 1 3 2 1 2 1 2 2 2 1 1 2 1 1 2 3 2 1 1 3 4 2 3 2 4 1 5 4 bt
1 2 3 4 2 1 1 3 2 2 1 1 1 2 2 1 2 2 1 2 1 1 3 2 2 6 1 4 3 1 2 1 dtd
1 1 3 3 2 3 3 2 1 2 2 1 2 1 2 2 1 2 4 5 2 1 2 1 2 2 1 2 3 1 2 4 bt
2 4 4 5 2 3 2 2 2 2 2 2 1 1 2 1 1 2 3 2 3 1 3 2 2 5 2 3 3 1 1 2 bt
1 5 3 2 2 1 3 3 2 1 2 2 2 2 1 2 1 1 6 4 1 1 3 1 1 4 3 3 2 3 5 1 bt
1 5 2 2 1 3 3 2 1 2 2 1 2 1 1 2 1 1 5 3 1 1 1 2 2 3 4 3 1 4 6 4 dtd
2 5 4 5 1 1 2 2 2 1 1 2 2 2 2 2 2 1 5 1 3 3 3 4 1 1 4 3 1 5 2 3 bt
1 3 4 2 1 2 2 2 1 1 2 1 2 1 1 2 1 2 4 3 3 3 1 4 3 3 2 3 4 2 3 4 dtd
2 3 3 3 2 3 1 1 2 2 1 2 2 2 1 1 2 2 1 4 1 3 3 1 3 1 1 1 3 1 3 1 dtd
1 4 1 5 2 3 3 3 1 1 1 2 2 1 1 1 2 2 3 5 3 3 2 2 4 1 2 4 4 5 4 2 dtd
2 5 4 2 1 1 2 2 2 1 1 1 1 2 1 1 2 2 6 3 1 2 3 4 3 1 1 1 3 2 3 3 dtd
2 1 4 3 2 2 1 3 2 1 2 1 2 1 1 2 1 2 6 2 3 3 3 1 3 5 2 3 1 1 4 1 dtd
1 5 1 4 1 2 2 1 1 2 1 1 2 1 2 2 1 1 3 5 3 3 3 1 4 5 2 3 4 4 2 4 dtd
1 4 4 1 1 1 3 3 2 1 2 1 1 2 1 1 1 1 2 5 3 1 2 2 4 1 1 2 5 2 3 2 bt
2 4 4 3 2 1 2 1 2 2 2 2 1 2 1 1 2 1 4 1 2 2 2 4 4 1 2 3 5 3 2 4 bt
1 2 1 3 1 1 3 2 1 2 2 1 1 2 2 1 1 1 6 1 2 2 1 3 3 3 4 2 2 1 6 3 bt
1 3 2 3 2 1 2 2 1 1 1 1 2 1 2 2 1 2 5 4 3 2 1 4 4 5 2 2 5 4 2 2 dtd
2 3 3 3 2 2 2 2 1 2 1 1 2 1 2 1 1 2 5 4 1 1 1 2 4 6 1 4 2 2 2 2 dtd
1 2 4 6 2 3 2 3 1 1 2 1 1 2 1 2 2 1 1 3 3 1 3 4 1 6 2 2 3 3 2 2 dtd
1 4 3 5 1 3 2 3 1 2 2 1 2 1 1 1 2 1 3 4 2 2 2 4 3 6 3 2 5 5 6 2 bt
1 3 3 1 1 2 2 2 2 2 1 2 1 2 2 1 2 2 3 3 2 3 1 3 3 1 4 4 4 2 1 5 bt
1 3 1 3 1 1 1 3 1 2 1 1 1 2 2 2 2 2 4 4 2 1 3 3 3 4 4 4 1 5 6 2 dtd
2 3 3 6 1 1 2 3 1 1 2 2 1 1 2 1 1 1 1 2 1 1 2 4 3 6 4 4 4 1 6 4 bt
2 2 3 5 1 2 2 3 1 2 2 2 2 2 2 2 1 1 1 4 2 1 2 3 3 1 2 3 1 4 4 5 bt
1 3 2 2 2 2 3 1 1 2 2 2 1 1 2 2 1 2 5 3 2 3 2 4 2 2 4 3 5 5 1 5 bt
1 1 1 3 2 2 2 1 1 1 1 1 1 2 2 1 1 1 6 4 1 1 3 2 2 4 2 1 3 3 2 4 dtd
2 1 2 1 2 2 3 1 2 2 2 2 1 1 1 2 2 1 5 3 2 1 3 1 1 2 4 2 5 2 6 5 dtd
2 3 3 6 2 3 2 2 2 1 2 2 2 2 1 2 2 1 3 3 1 1 1 4 3 1 3 2 2 2 3 3 dtd
1 3 1 2 2 1 1 3 1 2 1 1 1 2 2 2 2 2 2 2 2 2 1 1 2 5 4 2 3 1 1 1 bt
2 5 1 5 2 2 3 2 2 2 1 1 1 2 2 1 1 2 2 2 1 1 2 1 4 2 1 3 5 4 4 5 dtd
1 4 3 2 1 2 3 1 1 2 1 1 2 2 2 1 2 2 1 1 3 3 1 1 1 1 2 3 2 2 6 4 bt